image_width: 720
image_height: 576
camera_name: narrow_stereo/left
camera_matrix:
  rows: 3
  cols: 3
  data: [553.617825, 0.000000, 345.077037, 0.000000, 590.908429, 291.023759, 0.000000, 0.000000, 1.000000]
distortion_model: plumb_bob
distortion_coefficients:
  rows: 1
  cols: 5
  data: [-0.010899, 0.003182, 0.001135, 0.002112, 0.000000]
rectification_matrix:
  rows: 3
  cols: 3
  data: [0.987359, -0.000757, 0.158497, 0.000705, 1.000000, 0.000382, -0.158497, -0.000265, 0.987359]
projection_matrix:
  rows: 3
  cols: 4
  data: [646.151233, 0.000000, 237.957775, 0.000000, 0.000000, 646.151233, 291.683178, 0.000000, 0.000000, 0.000000, 1.000000, 0.000000]
