Left:
('D = ', [-0.010899398559311392, 0.0031821243008574116, 0.0011345681782234226, 0.002112243755822658, 0.0])
('K = ', [553.617825298935, 0.0, 345.07703735525286, 0.0, 590.908428778213, 291.02375949839166, 0.0, 0.0, 1.0])
('R = ', [0.9873591288844653, -0.0007567230585526078, 0.15849724912036334, 0.0007051612177857613, 0.9999996785815914, 0.00038155520015310725, -0.1584974869080478, -0.00026496589683910844, 0.987359345140819])
('P = ', [646.1512332203534, 0.0, 237.9577751159668, 0.0, 0.0, 646.1512332203534, 291.68317794799805, 0.0, 0.0, 0.0, 1.0, 0.0])

Right:
('D = ', [-0.018653214810677932, 0.02027177177676092, 0.0012129633685798238, 0.0015898126842352593, 0.0])
('K = ', [552.6007380972171, 0.0, 393.9380910198785, 0.0, 590.0055548053693, 290.7284885330689, 0.0, 0.0, 1.0])
('R = ', [0.9877690775712873, -0.0002456758369970664, 0.15592366413521536, 0.0002963951636961554, 0.9999999104628466, -0.00030203345144546266, -0.15592357597193332, 0.000344554323685411, 0.9877690619463858])
('P = ', [646.1512332203534, 0.0, 237.9577751159668, -3.1044401742201986, 0.0, 646.1512332203534, 291.68317794799805, 0.0, 0.0, 0.0, 1.0, 0.0])
('self.T ', [-0.0047457465831671495, 1.180352058461213e-06, -0.0007491368307702446])
('self.R ', [0.9999965199174399, -0.0004097581389583736, 0.0026061947887243285, 0.00040797987984468126, 0.9999996836578922, 0.0006828151530664462, -0.0026064737533415517, -0.0006817495017765726, 0.9999963707495092])
None
# oST version 5.0 parameters


[image]

width
720

height
576

[narrow_stereo/left]

camera matrix
553.617825 0.000000 345.077037
0.000000 590.908429 291.023759
0.000000 0.000000 1.000000

distortion
-0.010899 0.003182 0.001135 0.002112 0.000000

rectification
0.987359 -0.000757 0.158497
0.000705 1.000000 0.000382
-0.158497 -0.000265 0.987359

projection
646.151233 0.000000 237.957775 0.000000
0.000000 646.151233 291.683178 0.000000
0.000000 0.000000 1.000000 0.000000

# oST version 5.0 parameters


[image]

width
720

height
576

[narrow_stereo/right]

camera matrix
552.600738 0.000000 393.938091
0.000000 590.005555 290.728489
0.000000 0.000000 1.000000

distortion
-0.018653 0.020272 0.001213 0.001590 0.000000

rectification
0.987769 -0.000246 0.155924
0.000296 1.000000 -0.000302
-0.155924 0.000345 0.987769

projection
646.151233 0.000000 237.957775 -3.104440
0.000000 646.151233 291.683178 0.000000
0.000000 0.000000 1.000000 0.000000


('Wrote calibration data to', '/tmp/calibrationdata.tar.gz')
^CQObject::~QObject: Timers cannot be stopped from another thread

