image_width: 720
image_height: 576
camera_name: narrow_stereo/right
camera_matrix:
  rows: 3
  cols: 3
  data: [552.600738, 0.000000, 393.938091, 0.000000, 590.005555, 290.728489, 0.000000, 0.000000, 1.000000]
distortion_model: plumb_bob
distortion_coefficients:
  rows: 1
  cols: 5
  data: [-0.018653, 0.020272, 0.001213, 0.001590, 0.000000]
rectification_matrix:
  rows: 3
  cols: 3
  data: [0.987769, -0.000246, 0.155924, 0.000296, 1.000000, -0.000302, -0.155924, 0.000345, 0.987769]
projection_matrix:
  rows: 3
  cols: 4
  data: [646.151233, 0.000000, 237.957775, -3.104440, 0.000000, 646.151233, 291.683178, 0.000000, 0.000000, 0.000000, 1.000000, 0.000000]
