image_width: 1920
image_height: 1080
camera_name: ecml
camera_matrix:
  rows: 3
  cols: 3
  data: [1649.795400, 0.000000, 922.549939, 0.000000, 1653.258947, 555.004671, 0.000000, 0.000000, 1.000000]
distortion_model: plumb_bob
distortion_coefficients:
  rows: 1
  cols: 5
  data: [-0.408315, 0.615396, -0.008453, -0.005131, 0.000000]
rectification_matrix:
  rows: 3
  cols: 3
  data: [0.949055, 0.279935, 0.144677, -0.279391, 0.959865, -0.024488, -0.145726, -0.017181, 0.989176]
projection_matrix:
  rows: 3
  cols: 4
  data: [3769.426799, 0.000000, 732.928848, 0.000000, 0.000000, 3769.426799, 608.036612, 0.000000, 0.000000, 0.000000, 1.000000, 0.000000]
