image_width: 1920
image_height: 1080
camera_name: ecmr
camera_matrix:
  rows: 3
  cols: 3
  data: [1656.350385, 0.000000, 1061.778186, 0.000000, 1658.327191, 627.525421, 0.000000, 0.000000, 1.000000]
distortion_model: plumb_bob
distortion_coefficients:
  rows: 1
  cols: 5
  data: [-0.337896, 0.693654, -0.012993, -0.000579, 0.000000]
rectification_matrix:
  rows: 3
  cols: 3
  data: [0.953071, 0.274867, 0.126903, -0.275340, 0.961243, -0.014146, -0.125873, -0.021460, 0.991814]
projection_matrix:
  rows: 3
  cols: 4
  data: [3769.426799, 0.000000, 732.928848, -23.853481, 0.000000, 3769.426799, 608.036612, 0.000000, 0.000000, 0.000000, 1.000000, 0.000000]
