image_width: 720
image_height: 576
camera_name: narrow_stereo
camera_matrix:
  rows: 3
  cols: 3
  data: [552.228295, 0.000000, 346.632046, 0.000000, 590.246093, 285.691976, 0.000000, 0.000000, 1.000000]
distortion_model: plumb_bob
distortion_coefficients:
  rows: 1
  cols: 5
  data: [-0.012489, -0.006974, -0.003491, 0.002531, 0.000000]
rectification_matrix:
  rows: 3
  cols: 3
  data: [1.000000, 0.000000, 0.000000, 0.000000, 1.000000, 0.000000, 0.000000, 0.000000, 1.000000]
projection_matrix:
  rows: 3
  cols: 4
  data: [549.073608, 0.000000, 348.294044, 0.000000, 0.000000, 588.386353, 284.108549, 0.000000, 0.000000, 0.000000, 1.000000, 0.000000]
